CVI     33.736  1.334e6     0.00    0.00    0.00    0.00        0.00    0.00    0.00    0.00 
NVI     29.535  1.413e6     0.00    0.00    0.00    0.00        0.00    0.00    0.00    0.00
NVI     29.084  1.413e6     0.00    0.00    0.00    0.00        0.00    0.00    0.00    0.00
NVI     28.787  1.259e6     28.5	29.8	28.5	29.8        28.50   29.80   28.50   29.8
NVI     24.898  1.496e6     0.00    0.00    0.00    0.00        0.00    0.00    0.00    0.00
NVII    24.781  1.995e6     24.60	24.95	24.5	25.0        24.5    25.0	24.5    25.0
OVII    21.60   2.113e6     21.35   23.20   20.75   22.0        21.50   21.70   20.5    22.0
NVII    20.91   2.239e6     20.3    21.3    20.75   22.0        20.3    21.3    20.75   22.0
NVII    19.826  2.239e6     0.00    0.00    0.00    0.00        0.00    0.00    0.00    0.00
OVIII   18.97   3.162e6     18.80	19.05	18.7	19.2        18.7    19.2	18.7    19.2
FeXVII  17.05   5.012e6     16.94	17.16	16.6	17.2        17.0    17.3	16.8    17.3 
FeXVII  16.78   5.012e6     16.64	16.85	16.6	17.2        16.7    17.0	16.8    17.3
OVIII   16.04   3.162e6     15.87	16.2	15.8	16.2        0.00    0.00    0.00    0.00
FeXVII  15.26   6.310e6     15.1	15.5	14.9	15.5        15.11   15.5    14.9    15.477 
FeXVII  15.01   6.310e6     14.9	15.1	14.9	15.5        14.89   15.11	14.9    15.477
FeXVIII 14.21   7.943e6     14.1	14.3	14.0	14.35       14.05   14.32	14.1    14.4
NeIX    13.45   3.981e6     13.35	13.85	13.37	13.85       13.37   13.82	13.4    13.8
NeX     12.13   6.310e6     12.04	12.18	12.05	12.3        12.06   12.18	12.05   12.3 
MgXI    9.17    6.310e6     9.1	    9.37	9.0	    9.4         9.0     9.42    9.0     9.405  
MgXII   8.42    1.000e7     8.35	8.5	    8.32	8.49        8.36    8.48	8.3     8.5 
SiXIII  6.65    1.000e7     6.56	6.8 	6.5	    6.8         6.6     6.83    6.5     7.0 