NVI     	28.5	29.8	28.5	29.8 	1.259e6
NVII    	24.64	24.9	24.5	25.0 	1.995e6
OVIII   	18.84	19.1	18.7	19.2 	3.162e6
NeIX    	13.35	13.85	13.37	13.85 	3.981e6
NeX     	12.04	12.18	12.05	12.3 	6.310e6
MgXI    	9.1	9.42	9.0	9.4 	6.310e6
MgXII   	8.36	8.5	8.32	8.49 	1.000e7
SiXIII  	6.6	6.95	6.5	6.8 	1.000e7
FeXVII		14.9	15.1	14.9	15.5 	6.310e6
FeXVII		15.1	15.5	14.9	15.5 	6.310e6
FeXVII  	16.65	16.85	16.6	17.2 	5.012e6
FeXVII  	16.94	17.16	16.6	17.2 	5.012e6
OVIII 		15.89	16.11	15.8	16.2 	3.162e6
FeXVIII 	14.14	14.25	14.1	14.24 	7.943e6