NVI     29.00   1.259e6     28.5	29.8	28.5	29.8        28.50    29.80    28.50   29.8
NVII    24.78   1.995e6     24.64	24.9	24.5	25.0        24.50    25.00    24.50   25.0
OVIII   18.97   3.162e6     18.84	19.1	18.7	19.2        18.70    19.20    18.70   19.2
NeIX    13.45   3.981e6     13.35	13.85	13.37	13.85       13.37    13.80    13.40   13.8
NeX     12.13   6.310e6     12.04	12.18	12.05	12.3        12.06    12.17    12.05   12.3
MgXI    9.17    6.310e6     9.10 	9.42	9.00	9.40        9.00     9.42	  9.00    9.405
MgXII   8.42    1.000e7     8.36	8.50    8.32	8.49        8.36     8.48	  8.30    8.5
SiXIII  6.65    1.000e7     6.60 	6.95	6.50 	6.80        6.60     7.00	  6.50    7.0 
FeXVII  15.01   6.310e6     14.9	15.1	14.9	15.5        14.90    15.11	  14.90   15.477
FeXVII  15.26   6.310e6     15.1	15.5	14.9	15.5        15.11    15.57    14.90   15.477 
FeXVII  16.78   5.012e6     16.65	16.85	16.6	17.2        16.65    16.81	  16.60   16.90
FeXVII  17.05   5.012e6     16.94	17.16	16.6	17.2        16.90    17.30	  16.90   17.0
OVIII   16.04   3.162e6     15.89	16.11	15.8	16.2        15.80    16.11	  15.90   16.2
FeXVIII 14.21   7.943e6     14.14	14.25	14.1	14.24       14.12    14.29    14.10   14.4